Y 383 1234 394 1247 0
O 394 1234 407 1248 0
S 408 1234 420 1248 0
H 422 1233 432 1248 0
! 442 1234 447 1249 0
O 456 1234 469 1248 0
N 471 1234 481 1247 0
D 368 1212 379 1226 0
I 381 1212 389 1226 0
R 390 1212 402 1226 0
A 402 1212 413 1226 0
I 414 1212 422 1226 0
T 423 1212 433 1226 0
Q 441 1211 454 1226 0
U 455 1212 466 1225 0
' 467 1221 471 1227 0
O 472 1212 485 1226 0
N 486 1213 496 1226 0
P 369 1191 380 1204 0
E 381 1190 391 1205 0
U 393 1191 403 1204 0
T 404 1191 414 1204 0
M 422 1191 450 1204 0
O 439 1190 451 1205 0
N 451 1191 461 1204 0
T 462 1191 472 1204 0
E 473 1190 483 1205 0
R 484 1191 496 1204 0
P 393 1169 405 1183 0
A 404 1169 414 1183 0
R 416 1169 427 1183 0
L 436 1169 445 1183 0
A 445 1168 457 1186 0
! 466 1169 471 1184 0
~ 427 1079 445 1080 0
~ 427 1060 429 1117 0
~ 451 1048 453 1084 0
~ 444 1048 445 1083 0
~ 427 1064 445 1065 0
~ 415 726 418 763 0
~ 47 675 455 677 0
~ 226 675 455 677 0
~ 452 656 455 694 0
~ 427 629 430 746 0
~ 59 647 657 650 0
~ 350 642 648 647 0
~ 341 640 648 646 0
~ 343 640 648 646 0
~ 344 640 648 646 0
~ 350 642 648 644 0
~ 350 642 648 644 0
~ 346 630 648 654 0
~ 346 633 553 641 0
~ 346 635 553 640 0
~ 344 635 553 638 0
~ 346 633 554 635 0
~ 427 562 437 746 0
~ 32 0 875 1300 0
